1.90000 0.46555 0.68069 322.23464 371.26536 200.00004 14.28783 23.63776 8.93313 9.50544 0.00031 0.00031 -180.00000 
2.00000 0.36436 0.67459 328.27363 401.72637 200.00000 13.58226 19.80951 6.99698 6.33831 0.00031 0.00031 -180.00000 
2.10000 0.31090 0.66664 335.77043 430.72957 200.00000 12.69487 17.58337 5.58363 5.37509 0.00031 0.00031 -180.00000 
2.20000 0.27422 0.65915 341.75563 461.24437 200.00000 12.05106 15.73684 4.58045 4.85199 0.00031 0.00031 -180.00000 
2.30000 0.24797 0.65473 346.01736 493.48264 200.00000 11.76501 14.00736 4.29239 4.09465 0.00031 0.00031 -180.00000 
2.40000 0.22894 0.64416 353.72692 522.27308 200.00000 11.40610 12.79978 3.74565 3.90573 0.00031 0.00031 -180.00000 
2.50000 0.21446 0.63841 358.31908 554.18092 200.00000 11.15261 11.62331 3.47723 3.62674 0.00031 0.00031 -180.00000 
2.60000 0.20357 0.63194 363.80998 585.19002 200.00000 11.04734 10.63455 3.39296 3.30589 0.00031 0.00031 -180.00000 
2.70000 0.19545 0.62694 368.31794 617.18206 200.00000 10.92219 9.78013 3.32737 3.07301 0.00031 0.00031 -180.00000 
2.80000 0.18954 0.62454 370.81474 651.18526 200.00000 10.85131 9.03216 3.30558 2.87939 0.00031 0.00031 -180.00000 
2.90000 0.18526 0.62253 373.05751 685.44249 200.00000 10.78228 8.41660 3.29166 2.73832 0.00031 0.00031 -180.00000 
3.00000 0.18225 0.62048 375.17747 719.82253 200.00000 10.77258 7.92582 3.29345 2.62799 0.00031 0.00031 -180.00000 
3.50000 0.17623 0.59092 400.77637 876.72363 200.00000 10.81926 6.90963 3.38922 2.31607 0.00031 0.00031 -180.00000 
4.00000 0.18030 0.58323 411.84100 1048.15900 200.00000 10.66327 7.11055 3.47284 2.37830 0.00031 0.00031 -180.00000 
