2.20000 0.41298 0.44104 149.42252 262.36871 391.20876 19796.16322 200.30643 7.77629 12.22281 22.70762 3.47610 4.43646 7.76479 0.00031 0.00031 0.00031 -59.04891 -179.11756 
2.30000 0.32187 0.43459 147.00402 281.11715 411.37884 31031.48323 202.11627 6.69016 10.53746 20.34034 2.62583 2.51576 6.28934 0.00031 0.00031 0.00031 -43.72218 -179.36710 
2.40000 0.25503 0.42340 147.92349 291.97240 436.10411 28093.15164 200.00000 6.01034 9.62794 18.31823 1.99720 1.24865 5.41886 0.00031 0.00031 0.00031 -49.13144 -179.68949 
2.50000 0.20781 0.40978 153.74277 296.03469 462.72254 20375.43662 200.00000 5.64244 9.32189 16.54620 1.46694 0.72579 4.66298 0.00031 0.00031 0.00031 -56.95199 -179.83946 
2.60000 0.17483 0.40189 157.81735 296.88281 494.29984 17156.06916 200.00000 5.51633 9.23847 14.76966 1.29287 0.45381 3.90888 0.00031 0.00031 0.00031 -60.44916 -179.99999 
2.70000 0.15136 0.39820 159.80896 297.63489 528.05615 16340.72213 200.00000 5.45101 9.21754 13.16148 1.22770 0.38630 3.21614 0.00031 0.00031 0.00031 -60.41044 -180.00000 
2.80000 0.13453 0.39306 162.00645 296.65051 563.34304 16045.72510 200.00000 5.40118 9.14859 11.85783 1.23118 0.01816 3.00278 0.00031 0.00005 0.00031 -63.68346 -180.00000 
2.90000 0.12231 0.39156 162.72508 297.12932 598.64560 16285.85435 200.00000 5.36553 9.13974 10.68130 1.21864 -0.00000 2.62075 0.00031 0.00000 0.00031 -62.63471 -180.00000 
3.00000 0.11328 0.38972 163.63038 297.86753 633.50208 16611.66029 200.00000 5.32112 9.13393 9.70005 1.20327 -0.00000 2.33498 0.00031 0.00000 0.00031 -60.84314 -180.00000 
3.10000 0.10642 0.38894 164.03155 298.36612 669.10232 16792.33276 200.00000 5.29867 9.13346 8.85799 1.19452 -0.00000 2.11681 0.00031 0.00000 0.00031 -59.56740 -180.00000 
3.20000 0.10494 0.38926 164.38158 298.57938 705.03904 17092.67002 204.28779 5.30625 9.13355 8.15153 1.20338 0.05327 2.00602 0.00031 0.00000 0.00031 -57.78421 -179.38573 
3.30000 0.09803 0.38721 164.94617 299.55697 739.99686 17111.34532 200.00000 5.25148 9.13484 7.58149 1.17854 0.00000 1.85794 0.00031 0.00000 0.00031 -56.46698 -180.00000 
3.40000 0.09531 0.38707 165.06134 300.19190 775.74676 17210.51699 200.00000 5.23703 9.14023 7.11212 1.16917 0.00000 1.77849 0.00031 0.00000 0.00031 -54.75121 -180.00000 
3.50000 0.09333 0.38728 165.01444 300.85416 811.63141 17267.13521 200.00000 5.22750 9.14796 6.73962 1.15939 0.00000 1.72398 0.00031 0.00000 0.00031 -52.94511 -180.00000 
3.60000 0.09181 0.38784 164.80619 301.48580 847.70801 17283.03268 200.00000 5.22307 9.15705 6.45709 1.14925 0.00000 1.68505 0.00031 0.00000 0.00031 -51.19599 -180.00000 
3.70000 0.09062 0.38869 164.45922 302.15119 883.88959 17263.24197 200.00007 5.22176 9.16764 6.25585 1.13804 0.00000 1.65773 0.00031 0.00000 0.00031 -49.34463 -180.00000 
3.80000 0.08968 0.38969 164.05189 302.94025 920.00786 17193.34843 200.00000 5.22086 9.17988 6.12521 1.12538 0.00000 1.63977 0.00031 0.00000 0.00031 -47.16090 -180.00000 
3.90000 0.08895 0.39078 163.61163 303.85272 956.03565 17049.63660 200.00000 5.22020 9.19367 6.05952 1.11194 0.00000 1.62962 0.00031 0.00000 0.00031 -44.66575 -180.00000 
4.00000 0.08841 0.39190 163.16689 304.88542 991.94769 16806.29342 200.00000 5.21981 9.20919 6.04635 1.09853 0.00000 1.62571 0.00031 0.00000 0.00031 -41.89656 -180.00000 
